4

0
0.000000
0.000000
0.000000
0.000000
0.000000
0.000000
0.000000
0.000000
27.485996
0.000000
-13.083450
-26.200783
0.000000
11.702891
45.000000
0.000000
0.000000
-45.000000
0.000000
0.000000
0.018225
34.571247
72.641777
14.841273
40.338100

1
0.250000
0.000000
0.000000
0.000000
0.000000
0.000000
0.000000
0.000000
11.195257
0.000000
-13.083450
28.952583
0.000000
11.702891
-20.610878
0.000000
0.000000
-18.714111
0.000000
0.000000
0.075628
75.000000
75.000000
75.000000
0.000000

2
0.500000
0.000000
0.000000
0.000000
0.000000
0.000000
0.000000
0.000000
-23.717949
0.000000
-2.256291
45.000000
8.305734
5.201974
-45.000000
0.000000
0.000000
27.494444
0.000000
0.000000
0.000000
45.655933
52.126015
8.117869
56.467472

3
0.750000
0.000000
0.000000
0.000000
0.000000
0.000000
0.000000
0.000000
3.533437
11.905832
-2.256291
9.828918
-5.106655
5.201974
14.234320
0.000000
0.000000
-38.182941
0.000000
0.000000
0.000000
75.000000
74.700020
8.117869
75.000000

4
1.000000
0.000000
0.000000
0.000000
0.000000
0.000000
0.000000
0.000000
27.485996
0.000000
-13.083450
-26.200783
0.000000
11.702891
45.000000
0.000000
0.000000
-45.000000
0.000000
0.000000
0.018225
34.571247
72.641777
14.841273
40.338100

